n,a,m,e,2
